-2.175941318273544312e-01
4.015184938907623291e-01
2.219307124614715576e-01
2.195065915584564209e-01
-7.131268829107284546e-02
2.397961616516113281e-01
-2.936301752924919128e-02
2.105333656072616577e-01
-7.437969446182250977e-01
-2.542490959167480469e-01
-1.529926508665084839e-01
-4.786728024482727051e-01
-2.946261465549468994e-01
4.494944512844085693e-01
-3.396894931793212891e-01
1.620298922061920166e-01
3.925960361957550049e-01
1.469738483428955078e-01
3.157217800617218018e-02
6.180595755577087402e-01
-2.231942415237426758e-01
-6.211678981781005859e-01
4.701936244964599609e-01
1.716257035732269287e-01
1.169581562280654907e-01
-3.856514096260070801e-01
-4.117544293403625488e-01
-6.025228649377822876e-02
-1.848586797714233398e-01
-1.455790698528289795e-01
3.211273252964019775e-01
1.081723272800445557e-01
2.747147157788276672e-02
-2.249712944030761719e-01
4.143255352973937988e-01
-5.202612280845642090e-01
4.197639226913452148e-01
-2.695448994636535645e-01
6.264461278915405273e-01
6.287776678800582886e-02
-1.568266004323959351e-01
5.146399736404418945e-01
-8.116941154003143311e-02
-1.148738712072372437e-01
2.447707951068878174e-01
1.384571790695190430e-01
-3.544950962066650391e+00
2.942535579204559326e-01
-5.491443350911140442e-02
-4.058760404586791992e-01
3.574005663394927979e-01
-5.725260972976684570e-01
3.721810579299926758e-01
4.035469591617584229e-01
-1.121624633669853210e-01
7.913644611835479736e-02
-1.975927948951721191e-01
1.311552897095680237e-02
2.535359561443328857e-01
1.378762573003768921e-01
3.058368563652038574e-01
-8.350363373756408691e-02
-3.201044201850891113e-01
8.667309582233428955e-02
3.638673424720764160e-01
-1.184586286544799805e-01
-2.393802404403686523e-01
-4.456619918346405029e-02
-2.287057638168334961e-01
2.629945278167724609e-01
-1.080513149499893188e-01
7.106381654739379883e-02
2.580241858959197998e-01
1.087778359651565552e-01
4.227384328842163086e-01
-2.389808148145675659e-01
-3.046384453773498535e-01
3.154633045196533203e-01
7.516271620988845825e-02
-1.277225464582443237e-01
1.048566699028015137e-01
2.077685296535491943e-01
-3.370926529169082642e-02
-7.635033130645751953e-01
1.821729838848114014e-01
5.175778269767761230e-01
2.709161341190338135e-01
-4.692003428936004639e-01
-7.157302498817443848e-01
6.792068481445312500e-02
1.770021468400955200e-01
-2.174386978149414062e-01
1.687895804643630981e-01
6.345883756875991821e-02
2.573764920234680176e-01
3.607118129730224609e-01
-8.936880528926849365e-02
5.973405838012695312e-01
-3.097133710980415344e-03
6.057953834533691406e-01
-6.771412491798400879e-02
2.058447897434234619e-02
2.807357311248779297e-01
-6.455351114273071289e-01
-7.770043611526489258e-02
-3.038275539875030518e-01
2.629766464233398438e-01
-1.277378499507904053e-01
-2.938432395458221436e-01
-1.663311243057250977e+00
-9.712994843721389771e-02
-9.955896437168121338e-02
-3.763598799705505371e-01
-6.084714531898498535e-01
1.577209979295730591e-01
7.353805750608444214e-02
6.804533004760742188e-01
-2.463315427303314209e-01
6.005329489707946777e-01
1.314131915569305420e-01
-5.754269361495971680e-01
4.489432871341705322e-01
-1.782482564449310303e-01
4.840228706598281860e-03
-2.929973602294921875e-02
7.804598212242126465e-01
3.825628664344549179e-03
-5.204616785049438477e-01
5.708225965499877930e-01
4.318502545356750488e-01
1.302972137928009033e-01
-3.338537216186523438e-01
-3.619554936885833740e-01
-1.321468651294708252e-01
-2.763315439224243164e-01
6.858798116445541382e-02
1.731426417827606201e-01
7.092426717281341553e-02
-1.459740698337554932e-01
2.943341732025146484e-01
-2.197356522083282471e-01
-2.416385263204574585e-01
-2.115170955657958984e+00
1.737718284130096436e-01
7.418860495090484619e-02
-6.057463288307189941e-01
-2.984656989574432373e-01
-3.464836627244949341e-02
-4.848279654979705811e-01
2.658631205558776855e-01
2.672279775142669678e-01
-3.210100233554840088e-01
3.758038878440856934e-01
1.163876056671142578e-01
-2.872022688388824463e-01
4.294416606426239014e-01
-3.101398348808288574e-01
-4.693711698055267334e-01
-1.955931633710861206e-02
1.646028459072113037e-01
4.703471064567565918e-01
6.081272959709167480e-01
-1.654735952615737915e-01
1.439751535654067993e-01
1.359344422817230225e-01
-1.464199870824813843e-01
-6.107228249311447144e-02
5.043212771415710449e-01
6.498823165893554688e-01
1.991482079029083252e-01
-2.797583304345607758e-02
-2.208093404769897461e-01
7.958363294601440430e-01
-1.856219470500946045e-01
-2.393573522567749023e-02
5.326449275016784668e-01
-2.486082315444946289e-01
6.058866381645202637e-01
2.862850427627563477e-01
5.160226225852966309e-01
-2.089605480432510376e-01
-2.249990552663803101e-01
-5.355793833732604980e-01
5.941668748855590820e-01
-3.300131857395172119e-01
3.431487679481506348e-01
6.758875250816345215e-01
4.003314375877380371e-01
1.059180572628974915e-01
3.785009682178497314e-02
3.933990001678466797e-02
-2.826117575168609619e-01
3.073595762252807617e-01
2.946428954601287842e-01
7.897289395332336426e-01
3.185850679874420166e-01
6.452969461679458618e-02
1.957235336303710938e-01
2.184851318597793579e-01
-5.563502907752990723e-01
-6.224830448627471924e-02
-1.277229785919189453e-01
3.587874174118041992e-01
5.306186676025390625e-01
-7.238838076591491699e-01
2.824545860290527344e+00
2.681555449962615967e-01
-7.739274203777313232e-02
1.801917552947998047e-01
3.883752524852752686e-01
2.299364283680915833e-02
-1.772534847259521484e-01
-3.998824954032897949e-01
-6.528592109680175781e-01
1.278782486915588379e-01
-2.179445028305053711e-01
-3.366703540086746216e-02
1.614354103803634644e-01
2.946559190750122070e-01
3.154374063014984131e-01
-1.601778268814086914e-01
5.092550516128540039e-01
1.506706885993480682e-02
2.850267589092254639e-01
1.194131150841712952e-01
6.063636392354965210e-02
1.060924753546714783e-01
-1.724386215209960938e-01
6.624701619148254395e-01
-1.356373071670532227e+00
4.779308438301086426e-01
-5.160304307937622070e-01
-1.849631816148757935e-01
2.588788270950317383e-01
1.111907362937927246e-01
-2.166035026311874390e-01
1.250596493482589722e-01
-1.798678487539291382e-01
-2.536479234695434570e-01
-9.824481606483459473e-02
4.121832847595214844e-01
7.135693430900573730e-01
-5.344815254211425781e-01
-4.385834336280822754e-01
1.081515476107597351e-01
-2.945608198642730713e-01
-1.312241554260253906e-01
-5.679081082344055176e-01
2.265768051147460938e-01
-3.072505295276641846e-01
5.100641250610351562e-01
1.960417032241821289e-01
-2.336973883211612701e-02
-1.590183377265930176e-01
-1.105124503374099731e-01
-9.633672237396240234e-02
-4.757631421089172363e-01
1.354840397834777832e-01
-1.202172189950942993e-01
-9.700280427932739258e-02
-5.009296536445617676e-01
3.020863831043243408e-01
1.345308870077133179e-01
1.281140744686126709e-02
1.131368726491928101e-01
-7.979890108108520508e-01
-4.910850524902343750e-02
-5.025694370269775391e-01
1.031878814101219177e-01
-5.851603746414184570e-01
4.787234663963317871e-01
1.968169361352920532e-01
-5.105790495872497559e-01
-2.067774295806884766e+00
3.062064647674560547e-01
-3.707454502582550049e-01
6.600122451782226562e-01
1.787168383598327637e-01
-2.462183535099029541e-01
-1.837678253650665283e-01
-4.874261841177940369e-02
3.599358797073364258e-01
2.363250590860843658e-02
3.236865103244781494e-01
-8.626672625541687012e-02
-2.030412256717681885e-01
1.006671413779258728e-02
-2.739128470420837402e-01
4.810588657855987549e-01
3.447704613208770752e-01
-2.753986418247222900e-01
5.718257427215576172e-01
2.906903326511383057e-01
-2.044640928506851196e-01
7.210549712181091309e-02
-1.857002675533294678e-01
-1.336139626801013947e-02
-3.376542627811431885e-01
-2.349220216274261475e-01
-4.022239744663238525e-01
-8.585206866264343262e-01
4.932100772857666016e-01
2.156140953302383423e-01
1.493232250213623047e-01
-8.252204954624176025e-02
2.228520512580871582e-01
-5.029084086418151855e-01
-2.910511493682861328e-01
-4.684632301330566406e+00
6.813642382621765137e-01
6.905838847160339355e-03
-6.034602522850036621e-01
-4.785632491111755371e-01
-2.714532017707824707e-01
6.896850466728210449e-01
1.496593207120895386e-01
-1.601672172546386719e-01
-6.395608931779861450e-02
5.774955749511718750e-01
9.252053499221801758e-02
-1.622412800788879395e-01
2.626417577266693115e-01
4.439482688903808594e-01
7.984831929206848145e-01
3.494473993778228760e-01
2.733040750026702881e-01
3.436504900455474854e-01
3.268354535102844238e-01
1.556429266929626465e-01
-2.023816555738449097e-01
-5.804724246263504028e-02
-1.378708779811859131e-01
-2.314744889736175537e-02
1.394249945878982544e-01
-6.604555249214172363e-01
1.623842120170593262e-01
-5.348869562149047852e-01
-1.158171743154525757e-01
3.957358598709106445e-01
-5.499427765607833862e-02
-3.417345881462097168e-01
1.176492497324943542e-01
-4.723153412342071533e-01
-9.756645560264587402e-02
-1.973070949316024780e-01
2.657260596752166748e-01
3.036807775497436523e-01
-6.186715364456176758e-01
-1.723748594522476196e-01
4.849725067615509033e-01
1.919298171997070312e-01
2.897023260593414307e-01
4.397614896297454834e-01
-2.752795815467834473e-01
6.064652204513549805e-01
3.398618102073669434e-01
-1.451317071914672852e-01
6.374037861824035645e-01
5.382608622312545776e-03
1.221834570169448853e-01
5.117445588111877441e-01
-2.032350376248359680e-02
-2.492463886737823486e-01
3.872256577014923096e-01
9.932978749275207520e-01
2.564106136560440063e-02
-1.414600107818841934e-02
3.381040990352630615e-01
6.103993058204650879e-01
-3.333571851253509521e-01
-5.598081648349761963e-02
-2.508272528648376465e-01
4.109367728233337402e-03
-5.115184560418128967e-02
2.949168346822261810e-02
-3.254877030849456787e-01
-2.450635656714439392e-02
5.157968401908874512e-01
-1.630931347608566284e-01
1.029463171958923340e+00
-3.903705477714538574e-01
-1.406543135643005371e+00
-1.980876922607421875e-01
-5.880872011184692383e-01
-2.964043430984020233e-02
1.025492697954177856e-02
4.139858484268188477e-01
2.517897188663482666e-01
-6.013618111610412598e-01
-5.464076250791549683e-02
1.619322896003723145e-01
7.072806954383850098e-01
-3.984479606151580811e-01
4.903924465179443359e-01
-6.158152595162391663e-02
-4.635793715715408325e-02
-9.506283402442932129e-01
-2.308228313922882080e-01
4.619292914867401123e-02
-3.729926422238349915e-02
7.122684121131896973e-01
1.482888311147689819e-01
2.833459079265594482e-01
1.083101332187652588e-01
1.049657583236694336e+00
-5.617850422859191895e-01
2.247004657983779907e-01
-5.945845842361450195e-01
1.537064760923385620e-01
2.147193849086761475e-01
-1.462254524230957031e-01
-1.630578488111495972e-01
2.620285749435424805e-01
-3.605843186378479004e-01
-5.303011536598205566e-01
3.865864872932434082e-01
-1.776663362979888916e-01
-1.284179538488388062e-01
-2.790594398975372314e-01
4.719663858413696289e-01
1.863714903593063354e-01
1.855019181966781616e-01
5.287839174270629883e-01
-3.112075626850128174e-01
-2.638434469699859619e-01
7.434954047203063965e-01
2.536161243915557861e-01
2.782428860664367676e-01
5.666672438383102417e-02
-1.740489602088928223e-01
2.520769238471984863e-01
-4.006568193435668945e-01
-2.705730795860290527e-01
-9.236655384302139282e-02
-3.704558312892913818e-01
-2.787609398365020752e-01
-2.221183478832244873e-01
6.024565696716308594e-01
-8.018882572650909424e-02
1.009146049618721008e-01
-1.035165071487426758e+00
-5.522149205207824707e-01
4.183093905448913574e-01
-7.420603185892105103e-02
3.282270953059196472e-02
3.666051328182220459e-01
4.802831411361694336e-01
-1.607866287231445312e-01
8.040662109851837158e-02
2.868666127324104309e-02
-3.133092820644378662e-01
1.682255566120147705e-01
-1.005594506859779358e-01
3.455437719821929932e-01
9.098646044731140137e-02
-4.064782336354255676e-02
-1.406254991888999939e-02
4.218815565109252930e-01
-3.241413235664367676e-01
-3.461766242980957031e-01
-2.922483682632446289e-01
-1.028719693422317505e-01
1.439002603292465210e-01
-5.249838829040527344e-01
-5.565508604049682617e-01
1.342164725065231323e-02
-1.527964174747467041e-01
-5.579645633697509766e-01
-8.223888278007507324e-02
3.956648111343383789e-01
-1.665032625198364258e+00
1.665348708629608154e-01
5.457087159156799316e-01
1.821851879358291626e-01
2.499337196350097656e-01
-6.757997870445251465e-01
3.905361518263816833e-02
2.598766088485717773e-01
1.123766303062438965e-01
-6.787093728780746460e-02
-4.201769828796386719e-01
-4.754160344600677490e-01
-1.221767738461494446e-01
8.303841948509216309e-02
4.163658916950225830e-01
4.998204708099365234e-01
-3.373840153217315674e-01
9.575375914573669434e-02
-1.198182925581932068e-01
2.584005892276763916e-01
-1.356957256793975830e-01
6.758627295494079590e-01
-2.647507786750793457e-01
4.539017081260681152e-01
1.503871977329254150e-01
-7.019178867340087891e-01
-1.910886168479919434e-01
2.743492722511291504e-01
2.772986888885498047e-01
2.109392583370208740e-01
1.286007314920425415e-01
-7.409799098968505859e-02
-7.684514671564102173e-02
2.950275838375091553e-01
9.444077014923095703e-01
4.461560249328613281e-01
-9.323040395975112915e-02
-3.330046534538269043e-01
3.213368356227874756e-01
1.591633707284927368e-01
-2.438828647136688232e-01
5.521596074104309082e-01
2.678053975105285645e-01
3.592838346958160400e-01
2.479410618543624878e-01
1.609099358320236206e-01
-2.920228242874145508e-01
-2.216575294733047485e-01
3.059171140193939209e-01
2.588080763816833496e-01
3.068951964378356934e-01
-2.033781260251998901e-01
-1.947869956493377686e-01
-4.535216093063354492e-01
3.405294418334960938e-01
1.714439243078231812e-01
-7.780472040176391602e-01
5.728632807731628418e-01
-1.994509398937225342e-01
2.711193263530731201e-01
1.218432635068893433e-01
-4.639091789722442627e-01
-1.408682614564895630e-01
2.614044547080993652e-01
-1.903088539838790894e-01
-1.188405871391296387e+00
5.049705505371093750e-01
1.899813488125801086e-02
2.507455945014953613e-01
3.190304040908813477e-01
2.367348968982696533e-01
-2.518332004547119141e-02
-9.401645660400390625e-01
5.234570503234863281e-01
1.885218024253845215e-01
3.515092432498931885e-01
2.143400907516479492e-02
1.778865158557891846e-01
1.667445898056030273e-01
-7.238647341728210449e-01
6.151366233825683594e-01
-8.015649914741516113e-01
-1.354995667934417725e-01
4.637170732021331787e-01
2.877899631857872009e-02
2.345931529998779297e-01
-3.503911197185516357e-01
-2.433788329362869263e-01
1.162043586373329163e-01
2.162337899208068848e-01
-2.116658985614776611e-01
-8.338883519172668457e-01
-2.019231021404266357e-01
7.098839282989501953e-01
-8.270818740129470825e-02
7.381661236286163330e-02
9.667678177356719971e-02
-5.140312016010284424e-02
-5.851260572671890259e-02
2.838941216468811035e-01
-9.933317452669143677e-02
-3.170168995857238770e-01
6.136611700057983398e-01
1.773574501276016235e-01
4.704055786132812500e-01
1.396848112344741821e-01
3.173054456710815430e-01
-3.287199735641479492e-01
-3.681843578815460205e-01
3.565396070480346680e-01
-2.457822710275650024e-01
2.719658017158508301e-01
-1.226975247263908386e-01
-1.568907797336578369e-01
3.163678348064422607e-01
1.281040012836456299e-01
4.623698592185974121e-01
-1.580085605382919312e-01
1.309013009071350098e+00
-3.557042405009269714e-02
1.414136290550231934e-01
3.256193101406097412e-01
5.319094657897949219e-01
1.941423565149307251e-01
-5.423086881637573242e-02
1.070918887853622437e-01
1.563905328512191772e-01
3.216689229011535645e-01
-4.854448735713958740e-01
-1.588678956031799316e-01
-3.240900039672851562e-01
-2.709553241729736328e-01
1.715804189443588257e-01
3.620485067367553711e-01
-3.176163882017135620e-02
-2.125201225280761719e-01
-3.047698736190795898e-01
-2.255811542272567749e-01
-3.604814410209655762e-01
1.409430801868438721e-01
5.009401440620422363e-01
7.704025506973266602e-02
-6.196303367614746094e-01
1.329148113727569580e-01
3.729880601167678833e-02
-7.385507971048355103e-02
7.098377496004104614e-02
-1.500472575426101685e-01
-1.251633763313293457e-01
-2.326327562332153320e-01
4.792155623435974121e-01
5.384638905525207520e-01
-3.912324905395507812e-01
-2.540858983993530273e-01
-5.649322867393493652e-01
-1.751661598682403564e-01
-6.552951037883758545e-02
-5.146272480487823486e-03
-5.168468356132507324e-01
-6.145253404974937439e-02
3.715618252754211426e-01
-4.034233093261718750e-01
1.579577773809432983e-01
3.969475030899047852e-01
-2.217248529195785522e-01
-4.645397663116455078e-01
-8.854921907186508179e-04
-5.634935945272445679e-02
2.493330836296081543e-01
6.863933801651000977e-02
1.688456535339355469e-02
1.859291223809123039e-03
1.854584068059921265e-01
2.843750268220901489e-02
-9.856976866722106934e-01
-7.690561413764953613e-01
-8.553363382816314697e-03
1.508130729198455811e-01
-4.497600346803665161e-02
5.122370123863220215e-01
2.899145185947418213e-01
-4.824562966823577881e-01
-4.117282629013061523e-01
7.215800881385803223e-02
-2.425176203250885010e-01
2.397313117980957031e-01
1.816255599260330200e-01
-5.939631909132003784e-02
1.761770546436309814e-01
3.275600969791412354e-01
2.389670610427856445e-01
6.316872835159301758e-01
6.862629950046539307e-02
5.367895364761352539e-01
-9.517364203929901123e-02
2.103176116943359375e-01
-3.453973829746246338e-01
-1.622513651847839355e+00
2.856760025024414062e-01
7.536898255348205566e-01
7.571424357593059540e-03
1.447428464889526367e-01
1.063711494207382202e-01
5.304998755455017090e-01
1.462105810642242432e-01
-1.657904535531997681e-01
-3.136568665504455566e-01
1.844947189092636108e-01
3.183133602142333984e-01
-3.262740373611450195e-01
-2.932460978627204895e-02
1.142314448952674866e-01
1.694436222314834595e-01
-2.668596990406513214e-02
-4.342038035392761230e-01
-6.567745804786682129e-01
1.381856389343738556e-03
1.710471957921981812e-01
-2.399097383022308350e-02
-4.333948194980621338e-01
-2.356179207563400269e-01
-9.287710785865783691e-01
7.976067066192626953e-02
8.541610836982727051e-01
-3.583801984786987305e-01
4.266558885574340820e-01
1.793050616979598999e-01
4.170444607734680176e-02
6.681810319423675537e-02
-5.042341947555541992e-01
6.242969036102294922e-01
3.263119757175445557e-01
-5.419610142707824707e-01
-2.294695675373077393e-01
-1.186194568872451782e-01
-3.274900019168853760e-01
1.818903237581253052e-01
-8.664028048515319824e-01
6.318467855453491211e-01
-1.066590026021003723e-01
-6.726517528295516968e-02
4.557509124279022217e-01
-5.771654099225997925e-02
6.162845492362976074e-01
-2.491054981946945190e-01
1.210818409919738770e+00
-2.150062173604965210e-01
-2.125765383243560791e-01
4.664798825979232788e-02
4.444492161273956299e-01
-3.279594182968139648e-01
-1.128800809383392334e-01
-2.965012490749359131e-01
4.498347640037536621e-01
2.782719433307647705e-01
1.344723999500274658e-01
-5.512999296188354492e-01
-4.119106382131576538e-02
-6.479360461235046387e-01
-5.084212422370910645e-01
-2.292013168334960938e-02
2.175353765487670898e-01
-1.121286004781723022e-01
-5.636993646621704102e-01
-1.761203408241271973e-01
-1.664371341466903687e-01
-2.190449833869934082e-01
-2.689256966114044189e-01
3.041650168597698212e-03
8.336064219474792480e-02
-1.406897306442260742e-01
1.216480210423469543e-01
-3.166366815567016602e-01
2.391428053379058838e-01
5.644407272338867188e-01
5.877556204795837402e-01
3.577975928783416748e-01
3.351447731256484985e-02
-2.617148160934448242e-01
3.222825378179550171e-02
4.995699524879455566e-01
5.543908476829528809e-01
-4.572026252746582031e+00
-7.573385238647460938e-01
2.301530838012695312e-01
-1.795055121183395386e-01
-1.898120343685150146e-01
-5.577132105827331543e-05
1.556034684181213379e-01
-1.650909185409545898e-01
-5.079411864280700684e-01
-2.616949975490570068e-01
2.047751843929290771e-01
-1.516761034727096558e-01
-3.255718648433685303e-01
-6.450121402740478516e-01
1.705893576145172119e-01
2.150216996669769287e-01
